c  ---------------------------------------------------------
c                    SOURCE SPECIFICATIONS
c  ---------------------------------------------------------
SDEF POS=-.001 0 0 AXS=1 0 0 EXT=0 VEC=1 0 0 ERG=D3 DIR=FERG=D5 RAD=D6 PAR=1
SI6   0  1.27
SP6 -21  1
SI3 H   0.00000e+00  1.00000e-05  1.50000e-02  3.00000e-02 
        5.00000e-02  8.00000e-02  1.00000e-01  1.40000e-01 
        1.80000e-01  2.50000e-01  3.20000e-01  4.00000e-01 
        6.25000e-01  8.50000e-01  9.50000e-01  9.72000e-01 
        1.02000e+00  1.09700e+00  1.15000e+00  1.30000e+00 
        2.10000e+00  2.60000e+00  3.30000e+00  4.00000e+00 
        9.87700e+00  1.59680e+01  4.80520e+01  1.48729e+02 
        9.11800e+03  4.08500e+04  5.00000e+05  1.35300e+06 
        3.67900e+06  1.00000e+07
SP3 D   0.00000e+00  4.41713e-07  1.07673e-06  1.48893e-07 
        1.16623e-07  1.31614e-07  6.45699e-08  1.18273e-07 
        9.44740e-08  1.47642e-07  1.29021e-07  1.36662e-07 
        3.28363e-07  2.93856e-07  1.16748e-07  2.41106e-08 
        5.05381e-08  8.08733e-08  5.56987e-08  1.51915e-07 
        6.50088e-07  2.90445e-07  2.74708e-07  1.79560e-07 
        4.99820e-07  1.04965e-08  9.04185e-11  0.00000e+00 
        0.00000e+00  0.00000e+00  0.00000e+00  0.00000e+00 
        0.00000e+00  0.00000e+00
DS5  S  100  100  101  102  103  104
        105  106  107  108  109
        110  111  112  113  114
        115  116  117  118  119
        120  121  122  123  124
        125  126  127  128  129
        130  131
SI100  H  -1.00000e+00 6.12323e-17 1.73648e-01 3.42020e-01
           5.00000e-01 6.42788e-01 7.66044e-01 8.66025e-01
           9.39693e-01 9.84808e-01 9.87688e-01 9.90268e-01
           9.92546e-01 9.94522e-01 9.96195e-01 9.97564e-01
           9.98630e-01 9.99391e-01 9.99848e-01 1.00000e+00
SP100  D   0.000000000 1.21211e-09 2.89022e-10 1.08414e-09 
           1.99188e-09 2.87628e-09 3.66204e-09 4.30440e-09
           4.57003e-09 4.33212e-09 4.08240e-10 4.46486e-10
           6.36950e-10 6.55058e-10 8.80075e-10 1.22564e-09
           1.48356e-07 6.77966e-08 1.42437e-07 5.45486e-08
SI101  H  -1.00000e+00 6.12323e-17 1.73648e-01 3.42020e-01
           5.00000e-01 6.42788e-01 7.66044e-01 8.66025e-01
           9.39693e-01 9.84808e-01 9.87688e-01 9.90268e-01
           9.92546e-01 9.94522e-01 9.96195e-01 9.97564e-01
           9.98630e-01 9.99391e-01 9.99848e-01 1.00000e+00
SP101  D   0.000000000 1.67683e-08 5.37955e-09 1.88786e-08 
           3.48715e-08 5.10137e-08 6.49337e-08 7.44221e-08
           7.87560e-08 8.14555e-08 9.12720e-09 9.73363e-09
           1.08196e-08 1.29179e-08 1.73232e-08 3.45857e-08
           9.57230e-08 1.83729e-07 1.89192e-07 8.71001e-08
SI102  H  -1.00000e+00 6.12323e-17 1.73648e-01 3.42020e-01
           5.00000e-01 6.42788e-01 7.66044e-01 8.66025e-01
           9.39693e-01 9.84808e-01 9.87688e-01 9.90268e-01
           9.92546e-01 9.94522e-01 9.96195e-01 9.97564e-01
           9.98630e-01 9.99391e-01 9.99848e-01 1.00000e+00
SP102  D   0.000000000 2.42218e-09 8.35212e-10 2.98207e-09 
           5.39520e-09 7.85378e-09 9.84262e-09 1.12457e-08
           1.18133e-08 1.21965e-08 1.37444e-09 1.43348e-09
           1.60032e-09 1.82753e-09 2.48510e-09 4.67494e-09
           1.20574e-08 2.42549e-08 2.51767e-08 9.42185e-09
SI103  H  -1.00000e+00 6.12323e-17 1.73648e-01 3.42020e-01
           5.00000e-01 6.42788e-01 7.66044e-01 8.66025e-01
           9.39693e-01 9.84808e-01 9.87688e-01 9.90268e-01
           9.92546e-01 9.94522e-01 9.96195e-01 9.97564e-01
           9.98630e-01 9.99391e-01 9.99848e-01 1.00000e+00
SP103  D   0.000000000 1.92156e-09 6.70754e-10 2.46763e-09 
           4.45874e-09 6.42842e-09 8.12064e-09 9.28171e-09
           9.64130e-09 9.77921e-09 1.09182e-09 1.15082e-09
           1.27738e-09 1.54815e-09 2.11117e-09 3.68647e-09
           1.08403e-08 1.63588e-08 1.82183e-08 7.57001e-09
SI104  H  -1.00000e+00 6.12323e-17 1.73648e-01 3.42020e-01
           5.00000e-01 6.42788e-01 7.66044e-01 8.66025e-01
           9.39693e-01 9.84808e-01 9.87688e-01 9.90268e-01
           9.92546e-01 9.94522e-01 9.96195e-01 9.97564e-01
           9.98630e-01 9.99391e-01 9.99848e-01 1.00000e+00
SP104  D   0.000000000 1.89387e-09 6.86911e-10 2.57438e-09 
           4.70563e-09 6.73901e-09 8.52014e-09 9.63060e-09
           1.00440e-08 1.03126e-08 1.15201e-09 1.23774e-09
           1.35818e-09 1.61217e-09 2.25245e-09 4.14379e-09
           1.22069e-08 1.97386e-08 2.20386e-08 1.07669e-08
SI105  H  -1.00000e+00 6.12323e-17 1.73648e-01 3.42020e-01
           5.00000e-01 6.42788e-01 7.66044e-01 8.66025e-01
           9.39693e-01 9.84808e-01 9.87688e-01 9.90268e-01
           9.92546e-01 9.94522e-01 9.96195e-01 9.97564e-01
           9.98630e-01 9.99391e-01 9.99848e-01 1.00000e+00
SP105  D   0.000000000 9.62863e-10 3.61958e-10 1.34750e-09 
           2.51016e-09 3.59227e-09 4.49736e-09 5.08411e-09
           5.34938e-09 5.40653e-09 5.86133e-10 6.42850e-10
           7.15032e-10 8.38985e-10 1.14244e-09 2.13333e-09
           5.10648e-09 1.03026e-08 9.28997e-09 4.69994e-09
SI106  H  -1.00000e+00 6.12323e-17 1.73648e-01 3.42020e-01
           5.00000e-01 6.42788e-01 7.66044e-01 8.66025e-01
           9.39693e-01 9.84808e-01 9.87688e-01 9.90268e-01
           9.92546e-01 9.94522e-01 9.96195e-01 9.97564e-01
           9.98630e-01 9.99391e-01 9.99848e-01 1.00000e+00
SP106  D   0.000000000 1.53855e-09 6.00770e-10 2.22042e-09 
           4.22102e-09 6.03427e-09 7.55251e-09 8.54647e-09
           8.84722e-09 9.02693e-09 9.98611e-10 1.07748e-09
           1.18381e-09 1.38727e-09 1.99406e-09 3.57989e-09
           1.11504e-08 1.75316e-08 1.95915e-08 1.11907e-08
SI107  H  -1.00000e+00 6.12323e-17 1.73648e-01 3.42020e-01
           5.00000e-01 6.42788e-01 7.66044e-01 8.66025e-01
           9.39693e-01 9.84808e-01 9.87688e-01 9.90268e-01
           9.92546e-01 9.94522e-01 9.96195e-01 9.97564e-01
           9.98630e-01 9.99391e-01 9.99848e-01 1.00000e+00
SP107  D   0.000000000 1.22317e-09 5.04984e-10 1.83820e-09 
           3.56719e-09 5.14366e-09 6.42588e-09 7.22630e-09
           7.55662e-09 7.66939e-09 8.39453e-10 8.96933e-10
           1.00052e-09 1.19885e-09 1.62176e-09 3.32429e-09
           9.00857e-09 1.44799e-08 1.40425e-08 6.90586e-09
SI108  H  -1.00000e+00 6.12323e-17 1.73648e-01 3.42020e-01
           5.00000e-01 6.42788e-01 7.66044e-01 8.66025e-01
           9.39693e-01 9.84808e-01 9.87688e-01 9.90268e-01
           9.92546e-01 9.94522e-01 9.96195e-01 9.97564e-01
           9.98630e-01 9.99391e-01 9.99848e-01 1.00000e+00
SP108  D   0.000000000 1.69391e-09 7.47775e-10 2.68190e-09 
           5.30494e-09 7.75774e-09 9.64620e-09 1.08769e-08
           1.12473e-08 1.13562e-08 1.25597e-09 1.32946e-09
           1.46980e-09 1.77515e-09 2.35664e-09 4.85165e-09
           1.38697e-08 2.45134e-08 2.42674e-08 1.06398e-08
SI109  H  -1.00000e+00 6.12323e-17 1.73648e-01 3.42020e-01
           5.00000e-01 6.42788e-01 7.66044e-01 8.66025e-01
           9.39693e-01 9.84808e-01 9.87688e-01 9.90268e-01
           9.92546e-01 9.94522e-01 9.96195e-01 9.97564e-01
           9.98630e-01 9.99391e-01 9.99848e-01 1.00000e+00
SP109  D   0.000000000 1.34815e-09 6.42077e-10 2.28830e-09 
           4.55347e-09 6.78058e-09 8.49581e-09 9.44347e-09
           9.77350e-09 9.85423e-09 1.09496e-09 1.16908e-09
           1.25791e-09 1.56373e-09 2.13997e-09 4.23888e-09
           1.25526e-08 2.11467e-08 2.12093e-08 9.46826e-09
SI110  H  -1.00000e+00 6.12323e-17 1.73648e-01 3.42020e-01
           5.00000e-01 6.42788e-01 7.66044e-01 8.66025e-01
           9.39693e-01 9.84808e-01 9.87688e-01 9.90268e-01
           9.92546e-01 9.94522e-01 9.96195e-01 9.97564e-01
           9.98630e-01 9.99391e-01 9.99848e-01 1.00000e+00
SP110  D   0.000000000 1.26347e-09 6.47861e-10 2.31169e-09 
           4.59000e-09 6.98330e-09 8.77421e-09 9.78749e-09
           9.96041e-09 9.94051e-09 1.10238e-09 1.18580e-09
           1.31792e-09 1.59216e-09 2.23103e-09 4.33154e-09
           1.23120e-08 2.28148e-08 2.43607e-08 1.11552e-08
SI111  H  -1.00000e+00 6.12323e-17 1.73648e-01 3.42020e-01
           5.00000e-01 6.42788e-01 7.66044e-01 8.66025e-01
           9.39693e-01 9.84808e-01 9.87688e-01 9.90268e-01
           9.92546e-01 9.94522e-01 9.96195e-01 9.97564e-01
           9.98630e-01 9.99391e-01 9.99848e-01 1.00000e+00
SP111  D   0.000000000 2.57890e-09 1.51301e-09 5.47152e-09 
           1.08602e-08 1.70348e-08 2.16093e-08 2.39855e-08
           2.43540e-08 2.41282e-08 2.63712e-09 2.85982e-09
           3.19944e-09 3.81403e-09 5.37048e-09 1.09461e-08
           3.14158e-08 5.44409e-08 5.51369e-08 2.70070e-08
SI112  H  -1.00000e+00 6.12323e-17 1.73648e-01 3.42020e-01
           5.00000e-01 6.42788e-01 7.66044e-01 8.66025e-01
           9.39693e-01 9.84808e-01 9.87688e-01 9.90268e-01
           9.92546e-01 9.94522e-01 9.96195e-01 9.97564e-01
           9.98630e-01 9.99391e-01 9.99848e-01 1.00000e+00
SP112  D   0.000000000 1.72781e-09 1.17796e-09 4.46467e-09 
           9.06163e-09 1.46099e-08 1.89600e-08 2.09106e-08
           2.07443e-08 2.04860e-08 2.26863e-09 2.44394e-09
           2.75114e-09 3.30713e-09 4.74389e-09 9.64615e-09
           2.96292e-08 5.10854e-08 5.15714e-08 2.42664e-08
SI113  H  -1.00000e+00 6.12323e-17 1.73648e-01 3.42020e-01
           5.00000e-01 6.42788e-01 7.66044e-01 8.66025e-01
           9.39693e-01 9.84808e-01 9.87688e-01 9.90268e-01
           9.92546e-01 9.94522e-01 9.96195e-01 9.97564e-01
           9.98630e-01 9.99391e-01 9.99848e-01 1.00000e+00
SP113  D   0.000000000 6.01368e-10 4.37846e-10 1.69794e-09 
           3.56551e-09 5.94478e-09 7.85006e-09 8.67494e-09
           8.48990e-09 8.17255e-09 9.09713e-10 9.80515e-10
           1.12017e-09 1.35134e-09 1.98945e-09 3.88822e-09
           1.20327e-08 1.98124e-08 2.01596e-08 9.06936e-09
SI114  H  -1.00000e+00 6.12323e-17 1.73648e-01 3.42020e-01
           5.00000e-01 6.42788e-01 7.66044e-01 8.66025e-01
           9.39693e-01 9.84808e-01 9.87688e-01 9.90268e-01
           9.92546e-01 9.94522e-01 9.96195e-01 9.97564e-01
           9.98630e-01 9.99391e-01 9.99848e-01 1.00000e+00
SP114  D   0.000000000 1.21337e-10 8.95889e-11 3.52082e-10 
           7.44624e-10 1.26934e-09 1.68875e-09 1.85371e-09
           1.81390e-09 1.75248e-09 1.92498e-10 2.02547e-10
           2.28841e-10 2.79259e-10 4.26722e-10 9.07320e-10
           2.35106e-09 3.98892e-09 3.92388e-09 1.92374e-09
SI115  H  -1.00000e+00 6.12323e-17 1.73648e-01 3.42020e-01
           5.00000e-01 6.42788e-01 7.66044e-01 8.66025e-01
           9.39693e-01 9.84808e-01 9.87688e-01 9.90268e-01
           9.92546e-01 9.94522e-01 9.96195e-01 9.97564e-01
           9.98630e-01 9.99391e-01 9.99848e-01 1.00000e+00
SP115  D   0.000000000 2.52610e-10 1.88319e-10 7.39442e-10 
           1.57366e-09 2.73034e-09 3.64236e-09 4.00906e-09
           3.90506e-09 3.73913e-09 4.10662e-10 4.53442e-10
           5.01034e-10 6.16344e-10 8.90417e-10 1.86487e-09
           5.72290e-09 8.10629e-09 7.58993e-09 3.60223e-09
SI116  H  -1.00000e+00 6.12323e-17 1.73648e-01 3.42020e-01
           5.00000e-01 6.42788e-01 7.66044e-01 8.66025e-01
           9.39693e-01 9.84808e-01 9.87688e-01 9.90268e-01
           9.92546e-01 9.94522e-01 9.96195e-01 9.97564e-01
           9.98630e-01 9.99391e-01 9.99848e-01 1.00000e+00
SP116  D   0.000000000 3.73730e-10 2.85766e-10 1.13878e-09 
           2.46348e-09 4.28191e-09 5.70677e-09 6.28243e-09
           6.08849e-09 5.83687e-09 6.48082e-10 7.01170e-10
           8.05284e-10 9.90871e-10 1.44645e-09 3.14863e-09
           8.47363e-09 1.29350e-08 1.31087e-08 6.15727e-09
SI117  H  -1.00000e+00 6.12323e-17 1.73648e-01 3.42020e-01
           5.00000e-01 6.42788e-01 7.66044e-01 8.66025e-01
           9.39693e-01 9.84808e-01 9.87688e-01 9.90268e-01
           9.92546e-01 9.94522e-01 9.96195e-01 9.97564e-01
           9.98630e-01 9.99391e-01 9.99848e-01 1.00000e+00
SP117  D   0.000000000 2.37625e-10 1.85239e-10 7.48094e-10 
           1.64790e-09 2.86968e-09 3.81581e-09 4.21673e-09
           4.07213e-09 3.89290e-09 4.30884e-10 4.76470e-10
           5.49233e-10 6.60557e-10 9.63559e-10 2.22017e-09
           5.56289e-09 8.94648e-09 9.67831e-09 4.52405e-09
SI118  H  -1.00000e+00 6.12323e-17 1.73648e-01 3.42020e-01
           5.00000e-01 6.42788e-01 7.66044e-01 8.66025e-01
           9.39693e-01 9.84808e-01 9.87688e-01 9.90268e-01
           9.92546e-01 9.94522e-01 9.96195e-01 9.97564e-01
           9.98630e-01 9.99391e-01 9.99848e-01 1.00000e+00
SP118  D   0.000000000 5.96270e-10 4.82669e-10 1.96919e-09 
           4.41298e-09 7.75289e-09 1.04333e-08 1.15409e-08
           1.11344e-08 1.05594e-08 1.18735e-09 1.29169e-09
           1.45504e-09 1.83268e-09 2.72333e-09 5.57731e-09
           1.60431e-08 2.53457e-08 2.55890e-08 1.19878e-08
SI119  H  -1.00000e+00 6.12323e-17 1.73648e-01 3.42020e-01
           5.00000e-01 6.42788e-01 7.66044e-01 8.66025e-01
           9.39693e-01 9.84808e-01 9.87688e-01 9.90268e-01
           9.92546e-01 9.94522e-01 9.96195e-01 9.97564e-01
           9.98630e-01 9.99391e-01 9.99848e-01 1.00000e+00
SP119  D   0.000000000 2.10747e-09 1.65893e-09 6.99166e-09 
           1.69328e-08 3.25661e-08 4.52906e-08 5.14320e-08
           5.01264e-08 4.64890e-08 5.25691e-09 5.76826e-09
           6.65186e-09 8.45261e-09 1.26880e-08 2.65118e-08
           6.83690e-08 1.07547e-07 1.05695e-07 4.95528e-08
SI120  H  -1.00000e+00 6.12323e-17 1.73648e-01 3.42020e-01
           5.00000e-01 6.42788e-01 7.66044e-01 8.66025e-01
           9.39693e-01 9.84808e-01 9.87688e-01 9.90268e-01
           9.92546e-01 9.94522e-01 9.96195e-01 9.97564e-01
           9.98630e-01 9.99391e-01 9.99848e-01 1.00000e+00
SP120  D   0.000000000 8.05126e-10 5.70523e-10 2.49262e-09 
           6.52171e-09 1.30667e-08 1.92257e-08 2.36404e-08
           2.46031e-08 2.25359e-08 2.55154e-09 2.85314e-09
           3.36586e-09 4.29377e-09 6.47184e-09 1.28895e-08
           3.09415e-08 4.67318e-08 4.57207e-08 2.11632e-08
SI121  H  -1.00000e+00 6.12323e-17 1.73648e-01 3.42020e-01
           5.00000e-01 6.42788e-01 7.66044e-01 8.66025e-01
           9.39693e-01 9.84808e-01 9.87688e-01 9.90268e-01
           9.92546e-01 9.94522e-01 9.96195e-01 9.97564e-01
           9.98630e-01 9.99391e-01 9.99848e-01 1.00000e+00
SP121  D   0.000000000 6.66845e-10 4.87704e-10 2.13548e-09 
           5.42729e-09 1.05258e-08 1.57801e-08 2.08875e-08
           2.37135e-08 2.32137e-08 2.63786e-09 2.94406e-09
           3.47496e-09 4.45306e-09 6.58853e-09 1.28371e-08
           3.03156e-08 4.45944e-08 4.42615e-08 1.97625e-08
SI122  H  -1.00000e+00 6.12323e-17 1.73648e-01 3.42020e-01
           5.00000e-01 6.42788e-01 7.66044e-01 8.66025e-01
           9.39693e-01 9.84808e-01 9.87688e-01 9.90268e-01
           9.92546e-01 9.94522e-01 9.96195e-01 9.97564e-01
           9.98630e-01 9.99391e-01 9.99848e-01 1.00000e+00
SP122  D   0.000000000 3.57617e-10 3.57408e-10 1.55345e-09 
           3.90098e-09 7.56965e-09 1.11226e-08 1.42695e-08
           1.64251e-08 1.71604e-08 1.97062e-09 2.17341e-09
           2.51592e-09 3.12902e-09 4.53365e-09 8.40708e-09
           1.84975e-08 2.74195e-08 2.62999e-08 1.18969e-08
SI123  H  -1.00000e+00 6.12323e-17 1.73648e-01 3.42020e-01
           5.00000e-01 6.42788e-01 7.66044e-01 8.66025e-01
           9.39693e-01 9.84808e-01 9.87688e-01 9.90268e-01
           9.92546e-01 9.94522e-01 9.96195e-01 9.97564e-01
           9.98630e-01 9.99391e-01 9.99848e-01 1.00000e+00
SP123  D   0.000000000 4.18562e-10 6.10526e-10 2.76163e-09 
           7.90656e-09 1.85304e-08 3.20093e-08 5.05848e-08
           7.36162e-08 7.77758e-08 8.02025e-09 8.66510e-09
           9.74719e-09 1.14883e-08 1.50583e-08 2.28831e-08
           3.94985e-08 5.17745e-08 4.72920e-08 2.11795e-08
SI124  H  -1.00000e+00 6.12323e-17 1.73648e-01 3.42020e-01
           5.00000e-01 6.42788e-01 7.66044e-01 8.66025e-01
           9.39693e-01 9.84808e-01 9.87688e-01 9.90268e-01
           9.92546e-01 9.94522e-01 9.96195e-01 9.97564e-01
           9.98630e-01 9.99391e-01 9.99848e-01 1.00000e+00
SP124  D   0.000000000 1.19531e-12 3.19570e-12 1.63055e-11 
           4.97702e-11 1.43570e-10 3.56940e-10 8.57767e-10
           1.85478e-09 2.64612e-09 2.74812e-10 2.95229e-10
           3.06814e-10 3.27910e-10 4.21447e-10 5.24030e-10
           7.11864e-10 8.08985e-10 6.03151e-10 2.92589e-10
SI125  H  -1.00000e+00 6.12323e-17 1.73648e-01 3.42020e-01
           5.00000e-01 6.42788e-01 7.66044e-01 8.66025e-01
           9.39693e-01 9.84808e-01 9.87688e-01 9.90268e-01
           9.92546e-01 9.94522e-01 9.96195e-01 9.97564e-01
           9.98630e-01 9.99391e-01 9.99848e-01 1.00000e+00
SP125  D   0.000000000 8.56918e-16 0.00000e+00 3.88490e-14 
           2.25805e-13 8.75606e-13 2.70970e-12 7.62017e-12
           1.71049e-11 2.73463e-11 3.22920e-12 2.64538e-12
           4.44322e-12 3.03074e-12 3.76392e-12 4.93332e-12
           5.20164e-12 3.59472e-12 2.23672e-12 1.41743e-12
SI126  H  -1.00000e+00 6.12323e-17 1.73648e-01 3.42020e-01
           5.00000e-01 6.42788e-01 7.66044e-01 8.66025e-01
           9.39693e-01 9.84808e-01 9.87688e-01 9.90268e-01
           9.92546e-01 9.94522e-01 9.96195e-01 9.97564e-01
           9.98630e-01 9.99391e-01 9.99848e-01 1.00000e+00
SP126  D   0.00000e+00 0.00000e+00 0.00000e+00 1.000000000
           0.00000e+00 0.00000e+00 0.00000e+00 0.00000e+00
           0.00000e+00 0.00000e+00 0.00000e+00 0.00000e+00
           0.00000e+00 0.00000e+00 0.00000e+00 0.00000e+00
           0.00000e+00 0.00000e+00 0.00000e+00 0.00000e+00
SI127  H  -1.00000e+00 6.12323e-17 1.73648e-01 3.42020e-01
           5.00000e-01 6.42788e-01 7.66044e-01 8.66025e-01
           9.39693e-01 9.84808e-01 9.87688e-01 9.90268e-01
           9.92546e-01 9.94522e-01 9.96195e-01 9.97564e-01
           9.98630e-01 9.99391e-01 9.99848e-01 1.00000e+00
SP127  D   0.00000e+00 0.00000e+00 0.00000e+00 1.000000000
           0.00000e+00 0.00000e+00 0.00000e+00 0.00000e+00
           0.00000e+00 0.00000e+00 0.00000e+00 0.00000e+00
           0.00000e+00 0.00000e+00 0.00000e+00 0.00000e+00
           0.00000e+00 0.00000e+00 0.00000e+00 0.00000e+00
SI128  H  -1.00000e+00 6.12323e-17 1.73648e-01 3.42020e-01
           5.00000e-01 6.42788e-01 7.66044e-01 8.66025e-01
           9.39693e-01 9.84808e-01 9.87688e-01 9.90268e-01
           9.92546e-01 9.94522e-01 9.96195e-01 9.97564e-01
           9.98630e-01 9.99391e-01 9.99848e-01 1.00000e+00
SP128  D   0.00000e+00 0.00000e+00 0.00000e+00 1.000000000
           0.00000e+00 0.00000e+00 0.00000e+00 0.00000e+00
           0.00000e+00 0.00000e+00 0.00000e+00 0.00000e+00
           0.00000e+00 0.00000e+00 0.00000e+00 0.00000e+00
           0.00000e+00 0.00000e+00 0.00000e+00 0.00000e+00
SI129  H  -1.00000e+00 6.12323e-17 1.73648e-01 3.42020e-01
           5.00000e-01 6.42788e-01 7.66044e-01 8.66025e-01
           9.39693e-01 9.84808e-01 9.87688e-01 9.90268e-01
           9.92546e-01 9.94522e-01 9.96195e-01 9.97564e-01
           9.98630e-01 9.99391e-01 9.99848e-01 1.00000e+00
SP129  D   0.00000e+00 0.00000e+00 0.00000e+00 1.000000000
           0.00000e+00 0.00000e+00 0.00000e+00 0.00000e+00
           0.00000e+00 0.00000e+00 0.00000e+00 0.00000e+00
           0.00000e+00 0.00000e+00 0.00000e+00 0.00000e+00
           0.00000e+00 0.00000e+00 0.00000e+00 0.00000e+00
SI130  H  -1.00000e+00 6.12323e-17 1.73648e-01 3.42020e-01
           5.00000e-01 6.42788e-01 7.66044e-01 8.66025e-01
           9.39693e-01 9.84808e-01 9.87688e-01 9.90268e-01
           9.92546e-01 9.94522e-01 9.96195e-01 9.97564e-01
           9.98630e-01 9.99391e-01 9.99848e-01 1.00000e+00
SP130  D   0.00000e+00 0.00000e+00 0.00000e+00 1.000000000
           0.00000e+00 0.00000e+00 0.00000e+00 0.00000e+00
           0.00000e+00 0.00000e+00 0.00000e+00 0.00000e+00
           0.00000e+00 0.00000e+00 0.00000e+00 0.00000e+00
           0.00000e+00 0.00000e+00 0.00000e+00 0.00000e+00
SI131  H  -1.00000e+00 6.12323e-17 1.73648e-01 3.42020e-01
           5.00000e-01 6.42788e-01 7.66044e-01 8.66025e-01
           9.39693e-01 9.84808e-01 9.87688e-01 9.90268e-01
           9.92546e-01 9.94522e-01 9.96195e-01 9.97564e-01
           9.98630e-01 9.99391e-01 9.99848e-01 1.00000e+00
SP131  D   0.00000e+00 0.00000e+00 0.00000e+00 1.000000000
           0.00000e+00 0.00000e+00 0.00000e+00 0.00000e+00
           0.00000e+00 0.00000e+00 0.00000e+00 0.00000e+00
           0.00000e+00 0.00000e+00 0.00000e+00 0.00000e+00
           0.00000e+00 0.00000e+00 0.00000e+00 0.00000e+00
