c  ---------------------------------------------------------
c                    SOURCE SPECIFICATIONS
c  ---------------------------------------------------------
SDEF POS=-.001 0 0 AXS=1 0 0 EXT=0 VEC=1 0 0 ERG=D3 DIR=FERG=D5 RAD=D6 PAR=2
        WGT=20.2523241443
SI6   0  1.27
SP6 -21  1
SI3 H   0.00000e+00  1.00000e-05  1.50000e-02  3.00000e-02 
        5.00000e-02  8.00000e-02  1.00000e-01  1.40000e-01 
        1.80000e-01  2.50000e-01  3.20000e-01  4.00000e-01 
        6.25000e-01  8.50000e-01  9.50000e-01  9.72000e-01 
        1.02000e+00  1.09700e+00  1.15000e+00  1.30000e+00 
        2.10000e+00  2.60000e+00  3.30000e+00  4.00000e+00 
        9.87700e+00  1.59680e+01  4.80520e+01  1.48729e+02 
        9.11800e+03  4.08500e+04  5.00000e+05  1.35300e+06 
        3.67900e+06  1.00000e+07
SP3 D   0.00000e+00  0.00000e+00  1.49639e-08  7.19168e-07 
        8.12293e-06  1.37958e-05  7.77126e-06  8.93655e-06 
        5.49060e-06  7.27810e-06  6.26219e-06  6.24041e-06 
        1.32232e-05  8.31786e-06  2.77255e-06  5.56528e-07 
        1.15018e-06  1.70621e-06  1.08837e-06  2.76170e-06 
        9.34878e-06  3.10600e-06  2.51402e-06  1.27719e-06 
        1.23251e-06  0.00000e+00  0.00000e+00  0.00000e+00 
        0.00000e+00  0.00000e+00  0.00000e+00  0.00000e+00 
        0.00000e+00  0.00000e+00
DS5  S  100  100  101  102  103  104
        105  106  107  108  109
        110  111  112  113  114
        115  116  117  118  119
        120  121  122  123  124
        125  126  127  128  129
        130  131
SI100  H  -1.00000e+00 6.12323e-17 1.73648e-01 3.42020e-01
           5.00000e-01 6.42788e-01 7.66044e-01 8.66025e-01
           9.39693e-01 9.84808e-01 9.87688e-01 9.90268e-01
           9.92546e-01 9.94522e-01 9.96195e-01 9.97564e-01
           9.98630e-01 9.99391e-01 9.99848e-01 1.00000e+00
SP100  D   0.00000e+00 0.00000e+00 0.00000e+00 1.000000000
           0.00000e+00 0.00000e+00 0.00000e+00 0.00000e+00
           0.00000e+00 0.00000e+00 0.00000e+00 0.00000e+00
           0.00000e+00 0.00000e+00 0.00000e+00 0.00000e+00
           0.00000e+00 0.00000e+00 0.00000e+00 0.00000e+00
SI101  H  -1.00000e+00 6.12323e-17 1.73648e-01 3.42020e-01
           5.00000e-01 6.42788e-01 7.66044e-01 8.66025e-01
           9.39693e-01 9.84808e-01 9.87688e-01 9.90268e-01
           9.92546e-01 9.94522e-01 9.96195e-01 9.97564e-01
           9.98630e-01 9.99391e-01 9.99848e-01 1.00000e+00
SP101  D   0.000000000 1.47293e-10 3.99334e-11 1.42521e-10 
           3.22655e-10 6.66515e-10 1.18176e-09 2.02378e-09
           3.34271e-09 4.40120e-09 3.70182e-10 3.47325e-10
           4.16708e-10 3.04202e-10 3.19418e-10 1.12436e-10
           1.20223e-10 1.36148e-10 5.57382e-10 1.15160e-11
SI102  H  -1.00000e+00 6.12323e-17 1.73648e-01 3.42020e-01
           5.00000e-01 6.42788e-01 7.66044e-01 8.66025e-01
           9.39693e-01 9.84808e-01 9.87688e-01 9.90268e-01
           9.92546e-01 9.94522e-01 9.96195e-01 9.97564e-01
           9.98630e-01 9.99391e-01 9.99848e-01 1.00000e+00
SP102  D   0.000000000 1.64491e-08 7.54454e-09 2.62479e-08 
           4.80875e-08 7.24811e-08 9.75944e-08 1.18647e-07
           1.31294e-07 1.25650e-07 1.15464e-08 1.13249e-08
           1.03371e-08 9.38671e-09 9.96020e-09 9.24402e-09
           7.08846e-09 3.71941e-09 1.30665e-09 1.25783e-09
SI103  H  -1.00000e+00 6.12323e-17 1.73648e-01 3.42020e-01
           5.00000e-01 6.42788e-01 7.66044e-01 8.66025e-01
           9.39693e-01 9.84808e-01 9.87688e-01 9.90268e-01
           9.92546e-01 9.94522e-01 9.96195e-01 9.97564e-01
           9.98630e-01 9.99391e-01 9.99848e-01 1.00000e+00
SP103  D   0.000000000 1.46861e-07 8.81454e-08 3.07302e-07 
           5.62348e-07 8.53707e-07 1.17647e-06 1.38811e-06
           1.47209e-06 1.35592e-06 1.19805e-07 1.14365e-07
           1.10459e-07 1.04553e-07 9.94881e-08 8.74590e-08
           7.16935e-08 4.09350e-08 1.86926e-08 4.52211e-09
SI104  H  -1.00000e+00 6.12323e-17 1.73648e-01 3.42020e-01
           5.00000e-01 6.42788e-01 7.66044e-01 8.66025e-01
           9.39693e-01 9.84808e-01 9.87688e-01 9.90268e-01
           9.92546e-01 9.94522e-01 9.96195e-01 9.97564e-01
           9.98630e-01 9.99391e-01 9.99848e-01 1.00000e+00
SP104  D   0.000000000 1.99816e-07 1.53093e-07 5.46201e-07 
           1.00832e-06 1.52097e-06 2.04861e-06 2.36809e-06
           2.44335e-06 2.20017e-06 1.91020e-07 1.84841e-07
           1.80158e-07 1.73230e-07 1.63697e-07 1.55333e-07
           1.24868e-07 7.81828e-08 4.36444e-08 1.21800e-08
SI105  H  -1.00000e+00 6.12323e-17 1.73648e-01 3.42020e-01
           5.00000e-01 6.42788e-01 7.66044e-01 8.66025e-01
           9.39693e-01 9.84808e-01 9.87688e-01 9.90268e-01
           9.92546e-01 9.94522e-01 9.96195e-01 9.97564e-01
           9.98630e-01 9.99391e-01 9.99848e-01 1.00000e+00
SP105  D   0.000000000 8.11874e-08 7.05170e-08 2.54743e-07 
           4.77196e-07 7.21179e-07 9.60211e-07 1.11771e-06
           1.16477e-06 1.06517e-06 9.40468e-08 9.10474e-08
           8.96131e-08 8.80023e-08 8.55612e-08 8.17672e-08
           7.66220e-08 1.18113e-06 4.05257e-08 3.02633e-08
SI106  H  -1.00000e+00 6.12323e-17 1.73648e-01 3.42020e-01
           5.00000e-01 6.42788e-01 7.66044e-01 8.66025e-01
           9.39693e-01 9.84808e-01 9.87688e-01 9.90268e-01
           9.92546e-01 9.94522e-01 9.96195e-01 9.97564e-01
           9.98630e-01 9.99391e-01 9.99848e-01 1.00000e+00
SP106  D   0.000000000 1.00116e-07 9.22430e-08 3.34413e-07 
           6.34040e-07 9.57798e-07 1.27147e-06 1.49667e-06
           1.58107e-06 1.45999e-06 1.28091e-07 1.26258e-07
           1.22730e-07 1.20817e-07 1.20836e-07 1.18192e-07
           1.04863e-07 8.43681e-08 6.14168e-08 2.11632e-08
SI107  H  -1.00000e+00 6.12323e-17 1.73648e-01 3.42020e-01
           5.00000e-01 6.42788e-01 7.66044e-01 8.66025e-01
           9.39693e-01 9.84808e-01 9.87688e-01 9.90268e-01
           9.92546e-01 9.94522e-01 9.96195e-01 9.97564e-01
           9.98630e-01 9.99391e-01 9.99848e-01 1.00000e+00
SP107  D   0.000000000 7.15704e-08 6.20709e-08 2.17811e-07 
           3.98752e-07 5.85868e-07 7.59901e-07 8.90906e-07
           9.40751e-07 8.87894e-07 7.98883e-08 7.74891e-08
           7.52041e-08 7.72869e-08 7.64610e-08 7.84241e-08
           7.41862e-08 7.33421e-08 4.82119e-08 1.45806e-08
SI108  H  -1.00000e+00 6.12323e-17 1.73648e-01 3.42020e-01
           5.00000e-01 6.42788e-01 7.66044e-01 8.66025e-01
           9.39693e-01 9.84808e-01 9.87688e-01 9.90268e-01
           9.92546e-01 9.94522e-01 9.96195e-01 9.97564e-01
           9.98630e-01 9.99391e-01 9.99848e-01 1.00000e+00
SP108  D   0.000000000 8.49272e-08 7.40792e-08 2.55373e-07 
           4.66252e-07 6.90171e-07 9.11306e-07 1.09719e-06
           1.21512e-06 1.24185e-06 1.19469e-07 1.19956e-07
           1.19233e-07 1.20330e-07 1.27115e-07 1.41009e-07
           1.58929e-07 1.49740e-07 1.33146e-07 5.28991e-08
SI109  H  -1.00000e+00 6.12323e-17 1.73648e-01 3.42020e-01
           5.00000e-01 6.42788e-01 7.66044e-01 8.66025e-01
           9.39693e-01 9.84808e-01 9.87688e-01 9.90268e-01
           9.92546e-01 9.94522e-01 9.96195e-01 9.97564e-01
           9.98630e-01 9.99391e-01 9.99848e-01 1.00000e+00
SP109  D   0.000000000 4.51385e-08 5.00726e-08 1.75483e-07 
           3.28662e-07 4.98906e-07 6.85689e-07 8.65230e-07
           1.02298e-06 1.17163e-06 1.26007e-07 1.26530e-07
           1.25829e-07 1.32897e-07 1.37703e-07 1.57233e-07
           1.84414e-07 1.97773e-07 1.66328e-07 6.36830e-08
SI110  H  -1.00000e+00 6.12323e-17 1.73648e-01 3.42020e-01
           5.00000e-01 6.42788e-01 7.66044e-01 8.66025e-01
           9.39693e-01 9.84808e-01 9.87688e-01 9.90268e-01
           9.92546e-01 9.94522e-01 9.96195e-01 9.97564e-01
           9.98630e-01 9.99391e-01 9.99848e-01 1.00000e+00
SP110  D   0.000000000 2.05746e-08 3.79123e-08 1.39758e-07 
           2.72611e-07 4.31796e-07 6.18277e-07 8.16450e-07
           1.01926e-06 1.27346e-06 1.39508e-07 1.40076e-07
           1.48100e-07 1.50610e-07 1.68868e-07 1.84092e-07
           2.03761e-07 2.17403e-07 1.82420e-07 7.54748e-08
SI111  H  -1.00000e+00 6.12323e-17 1.73648e-01 3.42020e-01
           5.00000e-01 6.42788e-01 7.66044e-01 8.66025e-01
           9.39693e-01 9.84808e-01 9.87688e-01 9.90268e-01
           9.92546e-01 9.94522e-01 9.96195e-01 9.97564e-01
           9.98630e-01 9.99391e-01 9.99848e-01 1.00000e+00
SP111  D   0.000000000 9.62674e-09 3.21586e-08 1.57006e-07 
           3.90399e-07 7.18402e-07 1.11966e-06 1.60827e-06
           2.22288e-06 3.07221e-06 3.55700e-07 3.55370e-07
           3.66335e-07 3.79535e-07 4.08916e-07 4.42513e-07
           5.04531e-07 5.14541e-07 4.01371e-07 1.63752e-07
SI112  H  -1.00000e+00 6.12323e-17 1.73648e-01 3.42020e-01
           5.00000e-01 6.42788e-01 7.66044e-01 8.66025e-01
           9.39693e-01 9.84808e-01 9.87688e-01 9.90268e-01
           9.92546e-01 9.94522e-01 9.96195e-01 9.97564e-01
           9.98630e-01 9.99391e-01 9.99848e-01 1.00000e+00
SP112  D   0.000000000 2.76526e-10 2.77772e-09 2.37043e-08 
           9.83316e-08 2.67477e-07 5.48690e-07 9.53730e-07
           1.51010e-06 2.28807e-06 2.63507e-07 2.62205e-07
           2.68942e-07 2.73661e-07 2.83670e-07 3.01776e-07
           3.20897e-07 3.07828e-07 2.43430e-07 9.87834e-08
SI113  H  -1.00000e+00 6.12323e-17 1.73648e-01 3.42020e-01
           5.00000e-01 6.42788e-01 7.66044e-01 8.66025e-01
           9.39693e-01 9.84808e-01 9.87688e-01 9.90268e-01
           9.92546e-01 9.94522e-01 9.96195e-01 9.97564e-01
           9.98630e-01 9.99391e-01 9.99848e-01 1.00000e+00
SP113  D   0.000000000 3.01735e-12 1.89042e-10 2.38361e-09 
           1.46396e-08 5.38982e-08 1.38930e-07 2.89391e-07
           5.25015e-07 8.41992e-07 9.42897e-08 9.81069e-08
           9.79846e-08 9.64513e-08 9.93924e-08 1.05060e-07
           1.07584e-07 9.92002e-08 7.66433e-08 3.13938e-08
SI114  H  -1.00000e+00 6.12323e-17 1.73648e-01 3.42020e-01
           5.00000e-01 6.42788e-01 7.66044e-01 8.66025e-01
           9.39693e-01 9.84808e-01 9.87688e-01 9.90268e-01
           9.92546e-01 9.94522e-01 9.96195e-01 9.97564e-01
           9.98630e-01 9.99391e-01 9.99848e-01 1.00000e+00
SP114  D   0.000000000 1.28034e-12 2.69151e-11 3.08967e-10 
           2.36909e-09 8.86579e-09 2.49344e-08 5.53647e-08
           1.05186e-07 1.75808e-07 2.02329e-08 1.98449e-08
           2.00252e-08 2.00439e-08 2.04480e-08 2.21191e-08
           2.06744e-08 1.86987e-08 1.53486e-08 6.22646e-09
SI115  H  -1.00000e+00 6.12323e-17 1.73648e-01 3.42020e-01
           5.00000e-01 6.42788e-01 7.66044e-01 8.66025e-01
           9.39693e-01 9.84808e-01 9.87688e-01 9.90268e-01
           9.92546e-01 9.94522e-01 9.96195e-01 9.97564e-01
           9.98630e-01 9.99391e-01 9.99848e-01 1.00000e+00
SP115  D   0.000000000 2.83331e-13 2.77593e-11 4.69995e-10 
           3.79354e-09 1.65379e-08 4.88173e-08 1.10843e-07
           2.22414e-07 3.65175e-07 4.27002e-08 4.17321e-08
           4.37502e-08 4.03273e-08 4.28523e-08 4.34617e-08
           4.50374e-08 4.08972e-08 2.91885e-08 1.21534e-08
SI116  H  -1.00000e+00 6.12323e-17 1.73648e-01 3.42020e-01
           5.00000e-01 6.42788e-01 7.66044e-01 8.66025e-01
           9.39693e-01 9.84808e-01 9.87688e-01 9.90268e-01
           9.92546e-01 9.94522e-01 9.96195e-01 9.97564e-01
           9.98630e-01 9.99391e-01 9.99848e-01 1.00000e+00
SP116  D   0.000000000 1.43728e-12 2.65524e-11 4.10493e-10 
           4.42121e-09 2.00188e-08 6.23891e-08 1.59224e-07
           3.25751e-07 5.58001e-07 6.37992e-08 6.46656e-08
           6.40492e-08 6.35681e-08 6.50240e-08 6.44804e-08
           6.64446e-08 6.13310e-08 4.37838e-08 1.88200e-08
SI117  H  -1.00000e+00 6.12323e-17 1.73648e-01 3.42020e-01
           5.00000e-01 6.42788e-01 7.66044e-01 8.66025e-01
           9.39693e-01 9.84808e-01 9.87688e-01 9.90268e-01
           9.92546e-01 9.94522e-01 9.96195e-01 9.97564e-01
           9.98630e-01 9.99391e-01 9.99848e-01 1.00000e+00
SP117  D   0.000000000 0.00000e+00 6.92663e-12 1.64843e-10 
           1.85051e-09 1.00769e-08 3.55383e-08 9.50086e-08
           2.04282e-07 3.67657e-07 4.03379e-08 4.20308e-08
           4.24301e-08 4.28482e-08 4.24763e-08 4.36096e-08
           4.17315e-08 3.74972e-08 2.95904e-08 1.12328e-08
SI118  H  -1.00000e+00 6.12323e-17 1.73648e-01 3.42020e-01
           5.00000e-01 6.42788e-01 7.66044e-01 8.66025e-01
           9.39693e-01 9.84808e-01 9.87688e-01 9.90268e-01
           9.92546e-01 9.94522e-01 9.96195e-01 9.97564e-01
           9.98630e-01 9.99391e-01 9.99848e-01 1.00000e+00
SP118  D   0.000000000 0.00000e+00 2.67507e-12 2.18264e-10 
           3.14860e-09 1.92874e-08 7.14531e-08 2.19464e-07
           5.17419e-07 9.51766e-07 1.11559e-07 1.13767e-07
           1.10866e-07 1.10632e-07 1.09224e-07 1.08624e-07
           1.13042e-07 1.00146e-07 7.29280e-08 2.81530e-08
SI119  H  -1.00000e+00 6.12323e-17 1.73648e-01 3.42020e-01
           5.00000e-01 6.42788e-01 7.66044e-01 8.66025e-01
           9.39693e-01 9.84808e-01 9.87688e-01 9.90268e-01
           9.92546e-01 9.94522e-01 9.96195e-01 9.97564e-01
           9.98630e-01 9.99391e-01 9.99848e-01 1.00000e+00
SP119  D   0.000000000 0.00000e+00 1.56482e-12 9.02986e-11 
           2.08884e-09 2.18747e-08 1.14080e-07 5.37158e-07
           1.71013e-06 3.52303e-06 4.03060e-07 3.97470e-07
           3.94055e-07 3.98942e-07 3.93945e-07 3.96031e-07
           3.82675e-07 3.42123e-07 2.39519e-07 9.25001e-08
SI120  H  -1.00000e+00 6.12323e-17 1.73648e-01 3.42020e-01
           5.00000e-01 6.42788e-01 7.66044e-01 8.66025e-01
           9.39693e-01 9.84808e-01 9.87688e-01 9.90268e-01
           9.92546e-01 9.94522e-01 9.96195e-01 9.97564e-01
           9.98630e-01 9.99391e-01 9.99848e-01 1.00000e+00
SP120  D   0.000000000 0.00000e+00 0.00000e+00 0.00000e+00 
           2.57085e-11 9.05116e-10 1.16993e-08 1.26756e-07
           5.52934e-07 1.24992e-06 1.43395e-07 1.41019e-07
           1.38223e-07 1.35163e-07 1.37147e-07 1.34582e-07
           1.23448e-07 1.09464e-07 7.33886e-08 2.79242e-08
SI121  H  -1.00000e+00 6.12323e-17 1.73648e-01 3.42020e-01
           5.00000e-01 6.42788e-01 7.66044e-01 8.66025e-01
           9.39693e-01 9.84808e-01 9.87688e-01 9.90268e-01
           9.92546e-01 9.94522e-01 9.96195e-01 9.97564e-01
           9.98630e-01 9.99391e-01 9.99848e-01 1.00000e+00
SP121  D   0.000000000 0.00000e+00 0.00000e+00 0.00000e+00 
           2.18351e-12 1.54973e-10 3.89335e-09 9.00307e-08
           4.53729e-07 1.04664e-06 1.17675e-07 1.11929e-07
           1.12572e-07 1.13410e-07 1.08640e-07 1.05501e-07
           9.60053e-08 8.10352e-08 5.27346e-08 2.00696e-08
SI122  H  -1.00000e+00 6.12323e-17 1.73648e-01 3.42020e-01
           5.00000e-01 6.42788e-01 7.66044e-01 8.66025e-01
           9.39693e-01 9.84808e-01 9.87688e-01 9.90268e-01
           9.92546e-01 9.94522e-01 9.96195e-01 9.97564e-01
           9.98630e-01 9.99391e-01 9.99848e-01 1.00000e+00
SP122  D   0.000000000 0.00000e+00 0.00000e+00 0.00000e+00 
           0.00000e+00 1.65447e-11 7.79593e-10 4.41081e-08
           2.35282e-07 5.40986e-07 5.89302e-08 5.67580e-08
           5.73186e-08 5.26713e-08 5.39094e-08 5.15238e-08
           4.67247e-08 3.94037e-08 2.84944e-08 1.02805e-08
SI123  H  -1.00000e+00 6.12323e-17 1.73648e-01 3.42020e-01
           5.00000e-01 6.42788e-01 7.66044e-01 8.66025e-01
           9.39693e-01 9.84808e-01 9.87688e-01 9.90268e-01
           9.92546e-01 9.94522e-01 9.96195e-01 9.97564e-01
           9.98630e-01 9.99391e-01 9.99848e-01 1.00000e+00
SP123  D   0.000000000 0.00000e+00 0.00000e+00 0.00000e+00 
           0.00000e+00 0.00000e+00 3.15436e-10 4.33168e-08
           2.37874e-07 5.26085e-07 5.49776e-08 5.49187e-08
           5.24692e-08 5.13554e-08 4.99479e-08 4.86282e-08
           4.30173e-08 3.80357e-08 2.29995e-08 8.56469e-09
SI124  H  -1.00000e+00 6.12323e-17 1.73648e-01 3.42020e-01
           5.00000e-01 6.42788e-01 7.66044e-01 8.66025e-01
           9.39693e-01 9.84808e-01 9.87688e-01 9.90268e-01
           9.92546e-01 9.94522e-01 9.96195e-01 9.97564e-01
           9.98630e-01 9.99391e-01 9.99848e-01 1.00000e+00
SP124  D   0.00000e+00 0.00000e+00 0.00000e+00 1.000000000
           0.00000e+00 0.00000e+00 0.00000e+00 0.00000e+00
           0.00000e+00 0.00000e+00 0.00000e+00 0.00000e+00
           0.00000e+00 0.00000e+00 0.00000e+00 0.00000e+00
           0.00000e+00 0.00000e+00 0.00000e+00 0.00000e+00
SI125  H  -1.00000e+00 6.12323e-17 1.73648e-01 3.42020e-01
           5.00000e-01 6.42788e-01 7.66044e-01 8.66025e-01
           9.39693e-01 9.84808e-01 9.87688e-01 9.90268e-01
           9.92546e-01 9.94522e-01 9.96195e-01 9.97564e-01
           9.98630e-01 9.99391e-01 9.99848e-01 1.00000e+00
SP125  D   0.00000e+00 0.00000e+00 0.00000e+00 1.000000000
           0.00000e+00 0.00000e+00 0.00000e+00 0.00000e+00
           0.00000e+00 0.00000e+00 0.00000e+00 0.00000e+00
           0.00000e+00 0.00000e+00 0.00000e+00 0.00000e+00
           0.00000e+00 0.00000e+00 0.00000e+00 0.00000e+00
SI126  H  -1.00000e+00 6.12323e-17 1.73648e-01 3.42020e-01
           5.00000e-01 6.42788e-01 7.66044e-01 8.66025e-01
           9.39693e-01 9.84808e-01 9.87688e-01 9.90268e-01
           9.92546e-01 9.94522e-01 9.96195e-01 9.97564e-01
           9.98630e-01 9.99391e-01 9.99848e-01 1.00000e+00
SP126  D   0.00000e+00 0.00000e+00 0.00000e+00 1.000000000
           0.00000e+00 0.00000e+00 0.00000e+00 0.00000e+00
           0.00000e+00 0.00000e+00 0.00000e+00 0.00000e+00
           0.00000e+00 0.00000e+00 0.00000e+00 0.00000e+00
           0.00000e+00 0.00000e+00 0.00000e+00 0.00000e+00
SI127  H  -1.00000e+00 6.12323e-17 1.73648e-01 3.42020e-01
           5.00000e-01 6.42788e-01 7.66044e-01 8.66025e-01
           9.39693e-01 9.84808e-01 9.87688e-01 9.90268e-01
           9.92546e-01 9.94522e-01 9.96195e-01 9.97564e-01
           9.98630e-01 9.99391e-01 9.99848e-01 1.00000e+00
SP127  D   0.00000e+00 0.00000e+00 0.00000e+00 1.000000000
           0.00000e+00 0.00000e+00 0.00000e+00 0.00000e+00
           0.00000e+00 0.00000e+00 0.00000e+00 0.00000e+00
           0.00000e+00 0.00000e+00 0.00000e+00 0.00000e+00
           0.00000e+00 0.00000e+00 0.00000e+00 0.00000e+00
SI128  H  -1.00000e+00 6.12323e-17 1.73648e-01 3.42020e-01
           5.00000e-01 6.42788e-01 7.66044e-01 8.66025e-01
           9.39693e-01 9.84808e-01 9.87688e-01 9.90268e-01
           9.92546e-01 9.94522e-01 9.96195e-01 9.97564e-01
           9.98630e-01 9.99391e-01 9.99848e-01 1.00000e+00
SP128  D   0.00000e+00 0.00000e+00 0.00000e+00 1.000000000
           0.00000e+00 0.00000e+00 0.00000e+00 0.00000e+00
           0.00000e+00 0.00000e+00 0.00000e+00 0.00000e+00
           0.00000e+00 0.00000e+00 0.00000e+00 0.00000e+00
           0.00000e+00 0.00000e+00 0.00000e+00 0.00000e+00
SI129  H  -1.00000e+00 6.12323e-17 1.73648e-01 3.42020e-01
           5.00000e-01 6.42788e-01 7.66044e-01 8.66025e-01
           9.39693e-01 9.84808e-01 9.87688e-01 9.90268e-01
           9.92546e-01 9.94522e-01 9.96195e-01 9.97564e-01
           9.98630e-01 9.99391e-01 9.99848e-01 1.00000e+00
SP129  D   0.00000e+00 0.00000e+00 0.00000e+00 1.000000000
           0.00000e+00 0.00000e+00 0.00000e+00 0.00000e+00
           0.00000e+00 0.00000e+00 0.00000e+00 0.00000e+00
           0.00000e+00 0.00000e+00 0.00000e+00 0.00000e+00
           0.00000e+00 0.00000e+00 0.00000e+00 0.00000e+00
SI130  H  -1.00000e+00 6.12323e-17 1.73648e-01 3.42020e-01
           5.00000e-01 6.42788e-01 7.66044e-01 8.66025e-01
           9.39693e-01 9.84808e-01 9.87688e-01 9.90268e-01
           9.92546e-01 9.94522e-01 9.96195e-01 9.97564e-01
           9.98630e-01 9.99391e-01 9.99848e-01 1.00000e+00
SP130  D   0.00000e+00 0.00000e+00 0.00000e+00 1.000000000
           0.00000e+00 0.00000e+00 0.00000e+00 0.00000e+00
           0.00000e+00 0.00000e+00 0.00000e+00 0.00000e+00
           0.00000e+00 0.00000e+00 0.00000e+00 0.00000e+00
           0.00000e+00 0.00000e+00 0.00000e+00 0.00000e+00
SI131  H  -1.00000e+00 6.12323e-17 1.73648e-01 3.42020e-01
           5.00000e-01 6.42788e-01 7.66044e-01 8.66025e-01
           9.39693e-01 9.84808e-01 9.87688e-01 9.90268e-01
           9.92546e-01 9.94522e-01 9.96195e-01 9.97564e-01
           9.98630e-01 9.99391e-01 9.99848e-01 1.00000e+00
SP131  D   0.00000e+00 0.00000e+00 0.00000e+00 1.000000000
           0.00000e+00 0.00000e+00 0.00000e+00 0.00000e+00
           0.00000e+00 0.00000e+00 0.00000e+00 0.00000e+00
           0.00000e+00 0.00000e+00 0.00000e+00 0.00000e+00
           0.00000e+00 0.00000e+00 0.00000e+00 0.00000e+00
